1
0.99889
0.99556
0.99002
0.98229
0.97237
0.96029
0.94609
0.92978
0.9114
0.89101
0.86863
0.84433
0.81815
0.79016
0.76041
0.72897
0.69591
0.66131
0.62524
0.58779
0.54902
0.50904
0.46793
0.42578
0.38268
0.33874
0.29404
0.24869
0.20279
0.15643
0.10973
0.062791
0.015707
-0.031411
-0.078459
-0.12533
-0.17193
-0.21814
-0.26387
-0.30902
-0.35347
-0.39715
-0.43994
-0.48175
-0.5225
-0.56208
-0.60042
-0.63742
-0.67301
-0.70711
-0.73963
-0.77051
-0.79968
-0.82708
-0.85264
-0.87631
-0.89803
-0.91775
-0.93544
-0.95106
-0.96456
-0.97592
-0.98511
-0.99211
-0.99692
-0.99951
-0.99988
-0.99803
-0.99396
-0.98769
-0.97922
-0.96858
-0.95579
-0.94088
-0.92388
-0.90483
-0.88377
-0.86074
-0.83581
-0.80902
-0.78043
-0.75011
-0.71813
-0.68455
-0.64945
-0.61291
-0.57501
-0.53583
-0.49546
-0.45399
-0.41151
-0.36812
-0.32392
-0.27899
-0.23345
-0.18738
-0.1409
-0.094108
-0.047106
-1.837e-16
0.047106
0.094108
0.1409
0.18738
0.23345
0.27899
0.32392
0.36812
0.41151
0.45399
0.49546
0.53583
0.57501
0.61291
0.64945
0.68455
0.71813
0.75011
0.78043
0.80902
0.83581
0.86074
0.88377
0.90483
0.92388
0.94088
0.95579
